Vertex Count: 36

Data:

0.0  1.0 0.0 0.0 0.0  0.0  0.0 -1.0
 1.0  1.0 0.0 1.0 0.0  0.0  0.0 -1.0
0.0 0.0 0.0 0.0 1.0  0.0  0.0 -1.0
0.0 0.0 0.0 0.0 1.0  0.0  0.0 -1.0
 1.0  1.0 0.0 1.0 0.0  0.0  0.0 -1.0
 1.0 0.0 0.0 1.0 1.0  0.0  0.0 -1.0
 1.0  1.0 0.0 0.0 0.0  1.0  0.0  0.0
 1.0  1.0  1.0 1.0 0.0  1.0  0.0  0.0
 1.0 0.0 0.0 0.0 1.0  1.0  0.0  0.0
 1.0 0.0 0.0 0.0 1.0  1.0  0.0  0.0
 1.0  1.0  1.0 1.0 0.0  1.0  0.0  0.0
 1.0 0.0  1.0 1.0 1.0  1.0  0.0  0.0
 1.0  1.0  1.0 0.0 0.0  0.0  0.0  1.0
0.0  1.0  1.0 1.0 0.0  0.0  0.0  1.0
 1.0 0.0  1.0 0.0 1.0  0.0  0.0  1.0
 1.0 0.0  1.0 0.0 1.0  0.0  0.0  1.0
0.0  1.0  1.0 1.0 0.0  0.0  0.0  1.0
0.0 0.0  1.0 1.0 1.0  0.0  0.0  1.0
0.0  1.0  1.0 0.0 0.0 -1.0  0.0  0.0
0.0  1.0 0.0 1.0 0.0 -1.0  0.0  0.0
0.0 0.0  1.0 0.0 1.0 -1.0  0.0  0.0
0.0 0.0  1.0 0.0 1.0 -1.0  0.0  0.0
0.0  1.0 0.0 1.0 0.0 -1.0  0.0  0.0
0.0 0.0 0.0 1.0 1.0 -1.0  0.0  0.0
0.0  1.0  1.0 0.0 0.0  0.0  1.0  0.0
 1.0  1.0  1.0 1.0 0.0  0.0  1.0  0.0
0.0  1.0 0.0 0.0 1.0  0.0  1.0  0.0
0.0  1.0 0.0 0.0 1.0  0.0  1.0  0.0
 1.0  1.0  1.0 1.0 0.0  0.0  1.0  0.0
 1.0  1.0 0.0 1.0 1.0  0.0  1.0  0.0
0.0 0.0 0.0 0.0 0.0  0.0 -1.0  0.0
 1.0 0.0 0.0 1.0 0.0  0.0 -1.0  0.0
0.0 0.0  1.0 0.0 1.0  0.0 -1.0  0.0
0.0 0.0  1.0 0.0 1.0  0.0 -1.0  0.0
 1.0 0.0 0.0 1.0 0.0  0.0 -1.0  0.0
 1.0 0.0  1.0 1.0 1.0  0.0 -1.0  0.0